[gd_scene load_steps=7 format=2]

[ext_resource path="res://Scenes/HealthBar3D.tscn" type="PackedScene" id=1]
[ext_resource path="res://Scripts/Resource.gd" type="Script" id=2]
[ext_resource path="res://Scenes/Stats.tscn" type="PackedScene" id=3]
[ext_resource path="res://Assets/Resources/plastic-darkgreen.tres" type="Material" id=4]
[ext_resource path="res://Assets/Resources/plastic-black.tres" type="Material" id=5]

[sub_resource type="CapsuleShape3D" id=1]
radius = 0.3
height = 1.2

[node name="Cactus" type="Area3D" groups=["hurtbox"]]
script = ExtResource( 2 )

[node name="CollisionShape2D" type="CollisionShape3D" parent="."]
transform = Transform3D( 1, 0, 0, 0, -4.37114e-08, -1, 0, 1, -4.37114e-08, 0, 0.9, 0 )
shape = SubResource( 1 )

[node name="Stats" parent="." instance=ExtResource( 3 )]
health = 5
stats = {
"Cactus": 1,
"Coal": 0,
"Dirt": 0,
"Food": 0,
"Glass": 0,
"Gold": 0,
"Points": 0,
"Sand": 0,
"Stone": 0,
"Wood": 0
}
colors = {
"Cactus": Color( 0.25098, 0.501961, 0.188235, 1 ),
"Coal": Color( 0.25, 0.25, 0.25, 1 ),
"Dirt": Color( 0.64, 0.41, 0.32, 1 ),
"Food": Color( 1, 0.13, 0.5, 1 ),
"Glass": Color( 0.75, 1, 1, 1 ),
"Gold": Color( 1, 0.75, 0.25, 1 ),
"Points": Color( 1, 1, 1, 1 ),
"Sand": Color( 1, 0.88, 0.63, 1 ),
"Stone": Color( 0.5, 0.5, 0.5, 1 ),
"Wood": Color( 0.67, 0.33, 0.13, 1 )
}

[node name="CSGCombiner3D" type="CSGCombiner3D" parent="."]
use_collision = true

[node name="CSGSphere3D" type="CSGSphere3D" parent="CSGCombiner3D"]
transform = Transform3D( 1, 0, 0, 0, 1, 0, 0, 0, 1, 0, 1.5, 0 )
radius = 0.3
radial_segments = 16
rings = 4
material = ExtResource( 4 )

[node name="CSGCylinder3D" type="CSGCylinder3D" parent="CSGCombiner3D"]
transform = Transform3D( 1, 0, 0, 0, 1, 0, 0, 0, 1, 0, 0.75, 0 )
radius = 0.3
height = 1.5
material = ExtResource( 4 )

[node name="CSGPolygon3D" type="CSGPolygon3D" parent="CSGCombiner3D"]
transform = Transform3D( 0.707107, 0.707107, -3.09086e-08, 0, -4.37114e-08, -1, -0.707107, 0.707107, -3.09086e-08, 0.15, 1.25, 0.15 )
polygon = PackedVector2Array( 0, 0, 0, 0.25, 0.125, 0 )
mode = 1
spin_degrees = 360.0
spin_sides = 8
material = ExtResource( 5 )

[node name="CSGPolygon6" type="CSGPolygon3D" parent="CSGCombiner3D"]
transform = Transform3D( 0, 1, -4.37114e-08, 0, -4.37114e-08, -1, -1, 0, 0, 0.2, 0.75, 0 )
polygon = PackedVector2Array( 0, 0, 0, 0.25, 0.125, 0 )
mode = 1
spin_degrees = 360.0
spin_sides = 8
material = ExtResource( 5 )

[node name="CSGPolygon2" type="CSGPolygon3D" parent="CSGCombiner3D"]
transform = Transform3D( 0.707107, -0.707107, 3.09086e-08, 0, -4.37114e-08, -1, 0.707107, 0.707107, -3.09086e-08, -0.15, 0.5, 0.15 )
polygon = PackedVector2Array( 0, 0, 0, 0.25, 0.125, 0 )
mode = 1
spin_degrees = 360.0
spin_sides = 8
material = ExtResource( 5 )

[node name="CSGPolygon3" type="CSGPolygon3D" parent="CSGCombiner3D"]
transform = Transform3D( -0.707107, 0.707107, -3.09086e-08, 0, -4.37114e-08, -1, -0.707107, -0.707107, 3.09086e-08, 0.15, 0.25, -0.15 )
polygon = PackedVector2Array( 0, 0, 0, 0.25, 0.125, 0 )
mode = 1
spin_degrees = 360.0
spin_sides = 8
material = ExtResource( 5 )

[node name="CSGPolygon4" type="CSGPolygon3D" parent="CSGCombiner3D"]
transform = Transform3D( -0.707107, -0.707107, 3.09086e-08, 0, -4.37114e-08, -1, 0.707107, -0.707107, 3.09086e-08, -0.15, 0.75, -0.15 )
polygon = PackedVector2Array( 0, 0, 0, 0.25, 0.125, 0 )
mode = 1
spin_degrees = 360.0
spin_sides = 8
material = ExtResource( 5 )

[node name="CSGPolygon5" type="CSGPolygon3D" parent="CSGCombiner3D"]
transform = Transform3D( 5.96046e-08, -1, 4.37114e-08, 0, -4.37114e-08, -1, 1, 5.96046e-08, -3.55271e-15, -0.2, 1.25, 0 )
polygon = PackedVector2Array( 0, 0, 0, 0.25, 0.125, 0 )
mode = 1
spin_degrees = 360.0
spin_sides = 8
material = ExtResource( 5 )

[node name="HealthBar3D" parent="." instance=ExtResource( 1 )]
